%Dados dos Angulos do GPC
% rho theta1 theta2 theta3 
dados_GPC = [  0.00000,  0.00000,  0.00000,  0.00000;
   0.00000,  1.15244,  0.56476,  0.22276;
   0.00000,  1.16072,  0.56799,  0.22124;
  -0.00002,  1.16020,  0.57305,  0.22072;
   0.00000,  1.15444,  0.57846,  0.21531;
   0.00125,  1.14955,  0.58370,  0.21042;
   0.00011,  1.14432,  0.58911,  0.21059;
  -0.00289,  1.13856,  0.59504,  0.21635;
  -0.00485,  1.13297,  0.60063,  0.22194;
  -0.00183,  1.12791,  0.60604,  0.22717;
   0.00376,  1.12233,  0.61180,  0.23276;
   0.00883,  1.11727,  0.61703,  0.23782;
   0.00850,  1.11726,  0.62227,  0.24287;
   0.00274,  1.12302,  0.62785,  0.24322;
  -0.00215,  1.12791,  0.63309,  0.23799;
  -0.00757,  1.12756,  0.63867,  0.23276;
  -0.00690,  1.12215,  0.64408,  0.23346;
  -0.00166,  1.11726,  0.64915,  0.23869;
   0.00358,  1.11761,  0.65438,  0.24358;
   0.00830,  1.12267,  0.65944,  0.24864;
   0.00815,  1.12808,  0.66485,  0.25387;
   0.00273,  1.12774,  0.67044,  0.25929;
  -0.00303,  1.12163,  0.67620,  0.25877;
  -0.00828,  1.11657,  0.68143,  0.25353;
  -0.00796,  1.11709,  0.68632,  0.24899;
  -0.00272,  1.12233,  0.69155,  0.24951;
   0.00217,  1.12739,  0.69679,  0.25475;
   0.00724,  1.12757,  0.70185,  0.25965;
   0.00691,  1.12233,  0.70709,  0.26454;
   0.00167,  1.11727,  0.71232,  0.26419;
  -0.00322,  1.11221,  0.71756,  0.25913;
  -0.00811,  1.11256,  0.72296,  0.25389;
  -0.00814,  1.11814,  0.72837,  0.25441;
  -0.00273,  1.12321,  0.73361,  0.25965;
   0.00268,  1.12234,  0.73902,  0.26489;
   0.00775,  1.11728,  0.74426,  0.26977;
   0.00812,  1.11100,  0.75019,  0.27082;
   0.00305,  1.10611,  0.75542,  0.26559;
  -0.00271,  1.10663,  0.76083,  0.26017;
  -0.00760,  1.11187,  0.76606,  0.26069;
  -0.00815,  1.11711,  0.77130,  0.26593;
  -0.00274,  1.11677,  0.77636,  0.27117;
   0.00249,  1.11153,  0.78160,  0.27623;
   0.00843,  1.10560,  0.78753,  0.27606;
   0.00846,  1.10054,  0.79259,  0.27048;
   0.00304,  1.10036,  0.79748,  0.26576;
  -0.00203,  1.10525,  0.80254,  0.26628;
  -0.00709,  1.11049,  0.80759,  0.27169;
  -0.00695,  1.10997,  0.81318,  0.27728;
  -0.00153,  1.10474,  0.81824,  0.28234;
   0.00353,  1.09950,  0.82347,  0.28199;
   0.00877,  1.09444,  0.82853,  0.27693;
   0.00862,  1.09444,  0.83359,  0.27187;
   0.00321,  1.09985,  0.83359,  0.27204;
  -0.00186,  1.10492,  0.82835,  0.27745;
  -0.00692,  1.10527,  0.82346,  0.28235;
  -0.00625,  1.09969,  0.82364,  0.28776;
  -0.00101,  1.09445,  0.82922,  0.29317;
   0.00458,  1.08905,  0.83463,  0.29247;
   0.00999,  1.08329,  0.84038,  0.28689;
   0.00967,  1.08381,  0.84527,  0.28182;
   0.00425,  1.08905,  0.84474,  0.28200;
  -0.00116,  1.09464,  0.83915,  0.28758;
  -0.00623,  1.09447,  0.83444,  0.29248;
  -0.00730,  1.08836,  0.83356,  0.29858;
  -0.00154,  1.08296,  0.83879,  0.29893;
   0.00317,  1.07825,  0.84385,  0.29369;
   0.00788,  1.07825,  0.84857,  0.28915;
   0.00773,  1.08331,  0.85328,  0.28949;
   0.00301,  1.08767,  0.85328,  0.29404;
  -0.00135,  1.08733,  0.84856,  0.29875;
  -0.00607,  1.08227,  0.84385,  0.30329;
  -0.00575,  1.07756,  0.84437,  0.30294;
  -0.00069,  1.07268,  0.84925,  0.29771;
   0.00368,  1.06831,  0.85396,  0.29352;
   0.00805,  1.06814,  0.85797,  0.29369;
   0.00755,  1.07303,  0.85762,  0.29840;
   0.00300,  1.07740,  0.85291,  0.30329;
  -0.00171,  1.07706,  0.84819,  0.30801;
  -0.00678,  1.07199,  0.84836,  0.30766;
  -0.00645,  1.06711,  0.85360,  0.30242;
  -0.00069,  1.06153,  0.85936,  0.29666;
   0.00507,  1.06205,  0.86529,  0.29665;
   0.01049,  1.06746,  0.87035,  0.30207;
   0.01051,  1.07253,  0.87017,  0.30730;
   0.00492,  1.07253,  0.86441,  0.31272;
  -0.00102,  1.06678,  0.85864,  0.31865;
  -0.00626,  1.06137,  0.85847,  0.31883;
  -0.00611,  1.05683,  0.86301,  0.31411;
  -0.00123,  1.05700,  0.86789,  0.30957;
   0.00349,  1.06206,  0.87260,  0.30957;
   0.00803,  1.06643,  0.87714,  0.31445;
   0.00788,  1.06661,  0.87696,  0.31900;
   0.00334,  1.06190,  0.87225,  0.32354;
  -0.00173,  1.05685,  0.86753,  0.32389;
  -0.00592,  1.05248,  0.86805,  0.31917;
  -0.00595,  1.04795,  0.87276,  0.31463;
  -0.00141,  1.04847,  0.87747,  0.31533;
   0.00418,  1.05423,  0.88306,  0.32109;
   0.00925,  1.05912,  0.88812,  0.32615;
   0.00927,  1.05913,  0.88794,  0.33122;
   0.00385,  1.05407,  0.88287,  0.33087;
  -0.00121,  1.04893,  0.87763,  0.32563;
  -0.00680,  1.04335,  0.87798,  0.32005;
  -0.00631,  1.03794,  0.88339,  0.31970;
  -0.00107,  1.03846,  0.88897,  0.32510;
   0.00417,  1.04370,  0.89403,  0.33034;
   0.00924,  1.04894,  0.89927,  0.33575;
   0.00926,  1.04877,  0.90468,  0.33541;
   0.00402,  1.04371,  0.90502,  0.33035;
  -0.00140,  1.03848,  0.89979,  0.32528;
  -0.00629,  1.03359,  0.89472,  0.32528;
  -0.00596,  1.03222,  0.89507,  0.33069;
  -0.00055,  1.03553,  0.90048,  0.33592;
   0.00521,  1.04146,  0.90659,  0.34186;
   0.01105,  1.04112,  0.91234,  0.34186;
   0.00915,  1.03589,  0.91740,  0.33663;
   0.00356,  1.03048,  0.91775,  0.33122;
  -0.00168,  1.02525,  0.91234,  0.33175;
  -0.00727,  1.02629,  0.90640,  0.33785;
  -0.00747,  1.03170,  0.90674,  0.34291;
  -0.00154,  1.03747,  0.91267,  0.34711;
   0.00388,  1.03712,  0.91773,  0.34475;
   0.00894,  1.03172,  0.92297,  0.33917;
   0.00931,  1.02631,  0.92855,  0.33393;
   0.00390,  1.02142,  0.93344,  0.33393;
  -0.00152,  1.01601,  0.93343,  0.33935;
  -0.00676,  1.01688,  0.92819,  0.34458;
  -0.00696,  1.02195,  0.92313,  0.34981;
  -0.00172,  1.02701,  0.92348,  0.34946;
   0.00351,  1.02667,  0.92889,  0.34371;
   0.00893,  1.02109,  0.93430,  0.33865;
   0.00825,  1.01585,  0.93953,  0.33882;
   0.00319,  1.01079,  0.94441,  0.34388;
  -0.00205,  1.01131,  0.94982,  0.34929;
  -0.00729,  1.01690,  0.94947,  0.35470;
  -0.00749,  1.02231,  0.94389,  0.35470;
  -0.00208,  1.02249,  0.93865,  0.34947;
   0.00333,  1.01708,  0.93917,  0.34388;
   0.00927,  1.01098,  0.94528,  0.34388;
   0.00929,  1.00574,  0.95069,  0.34912;
   0.00404,  1.00591,  0.95574,  0.35435;
  -0.00172,  1.01185,  0.96133,  0.36028;
  -0.00731,  1.01709,  0.96673,  0.35993;
  -0.00663,  1.01640,  0.96586,  0.35436;
  -0.00174,  1.01169,  0.96115,  0.34999;
   0.00315,  1.00680,  0.95626,  0.34999;
   0.00839,  1.00174,  0.95660,  0.35505;
   0.00771,  0.99685,  0.96149,  0.36011;
   0.00213,  0.99755,  0.96707,  0.36552;
  -0.00276,  1.00244,  0.97178,  0.36534;
  -0.00766,  1.00733,  0.97667,  0.36028;
  -0.00750,  1.00751,  0.98190,  0.35540;
  -0.00209,  1.00192,  0.98138,  0.35575;
   0.00332,  0.99634,  0.97579,  0.36134;
   0.00839,  0.99128,  0.97090,  0.36622;
   0.00858,  0.99128,  0.97090,  0.37006;
   0.00404,  0.99582,  0.97561,  0.36988;
  -0.00068,  1.00036,  0.98015,  0.36517;
  -0.00644,  1.00001,  0.98608,  0.35924;
  -0.00612,  0.99478,  0.99096,  0.35906;
  -0.00088,  0.98954,  0.99637,  0.36465;
   0.00454,  0.98414,  0.99637,  0.37041;
   0.00995,  0.98396,  0.99095,  0.37529;
   0.00945,  0.98920,  0.98607,  0.37512;
   0.00455,  0.99391,  0.98589,  0.36988;
  -0.00051,  0.99357,  0.99095,  0.36499;
  -0.00575,  0.98816,  0.99636,  0.36517;
  -0.00543,  0.98275,  1.00194,  0.37093;
   0.00016,  0.97751,  1.00717,  0.37634;
   0.00505,  0.97751,  1.00717,  0.38157;
   0.00524,  0.98310,  1.00176,  0.38122;
  -0.00052,  0.98851,  0.99617,  0.37546;
  -0.00576,  0.98817,  0.99669,  0.37006;
  -0.00614,  0.98241,  1.00210,  0.37023;
  -0.00055,  0.97717,  1.00785,  0.37616;
   0.00468,  0.97211,  1.01274,  0.38088;
   0.00400,  0.97281,  1.01815,  0.38646;
  -0.00141,  0.97822,  1.02338,  0.39169;
  -0.00665,  0.98346,  1.02304,  0.39135;
  -0.00633,  0.98312,  1.01762,  0.38594;
  -0.00109,  0.97788,  1.01256,  0.38071;
   0.00432,  0.97247,  1.01273,  0.38088;
   0.01009,  0.96689,  1.01849,  0.38646;
   0.00941,  0.96741,  1.02390,  0.39152;
   0.00382,  0.97300,  1.02948,  0.39711;
  -0.00072,  0.97753,  1.03402,  0.39728;
  -0.00561,  0.97754,  1.03384,  0.39205;
